ionosphere

10 trees

  [1] 0.9387755 0.8695652 0.8846154 0.7000000 0.8936170 0.8000000 0.9361702 0.8800000 0.8979592 0.7826087 0.9777778 0.9600000 0.9130435 0.8181818 0.9166667
 [16] 0.8000000 0.9767442 0.9600000 0.9090909 0.8333333 0.9361702 0.8800000 0.9200000 0.8181818 0.8800000 0.7272727 0.9583333 0.9166667 0.9361702 0.8800000
 [31] 1.0000000 1.0000000 0.8510638 0.6666667 0.9166667 0.8000000 0.9767442 0.9600000 0.9090909 0.8333333 0.9787234 0.9600000 0.8846154 0.7000000 0.8571429
 [46] 0.6956522 0.9361702 0.8800000 0.9361702 0.8800000 0.9565217 0.9166667 0.8936170 0.7619048 0.9565217 0.9090909 0.9767442 0.9600000 0.9333333 0.8695652
 [61] 0.9200000 0.8181818 0.8846154 0.7000000 0.8979592 0.7826087 0.9361702 0.8800000 0.9166667 0.8333333 0.9333333 0.8800000 0.9523810 0.9230769 0.9361702
 [76] 0.8571429 0.9767442 0.9600000 0.9130435 0.8181818 1.0000000 1.0000000 0.9200000 0.8181818 0.8800000 0.7272727 0.9583333 0.9166667 0.9361702 0.8800000
 [91] 0.9777778 0.9600000 0.9130435 0.8181818 0.8979592 0.7368421 0.9767442 0.9600000 0.9777778 0.9565217 0.9565217 0.9230769 0.8846154 0.7000000 0.8979592
[106] 0.7826087 0.9361702 0.8800000 0.9333333 0.8888889 0.9302326 0.8888889 0.9130435 0.8181818 0.9166667 0.8000000 0.9545455 0.9166667 0.9333333 0.8695652
[121] 0.9787234 0.9600000 0.9583333 0.9166667 0.9166667 0.8333333 0.9361702 0.8800000 0.8979592 0.7826087 0.9777778 0.9600000 0.9090909 0.8333333 0.9361702
[136] 0.8571429 0.9545455 0.9166667 0.9565217 0.9090909 0.9565217 0.9230769 0.9200000 0.8181818 0.8750000 0.7500000 0.9583333 0.9166667 0.9333333 0.8888889
[151] 1.0000000 1.0000000 0.9130435 0.8181818 0.8888889 0.7826087 1.0000000 1.0000000 0.9166667 0.8000000 0.9787234 0.9600000 0.9200000 0.8181818 0.8571429
[166] 0.6956522 0.9583333 0.9166667 0.9361702 0.8800000 0.9777778 0.9600000 0.8695652 0.7272727 0.9130435 0.8181818 0.9767442 0.9600000 0.9130435 0.8181818
[181] 0.9787234 0.9600000 0.8846154 0.7000000 0.8750000 0.7500000 0.9583333 0.9166667 0.9361702 0.8800000 0.9777778 0.9600000 0.9130435 0.8181818 0.9361702
[196] 0.8571429 0.9523810 0.9230769 0.9333333 0.8695652

25 trees

  [1] 0.9583333 0.9166667 0.9019608 0.7619048 0.8979592 0.7826087 0.9583333 0.9166667 0.9166667 0.8333333 0.9361702 0.8695652 0.8936170 0.7619048 0.9361702
 [16] 0.8571429 1.0000000 1.0000000 0.9361702 0.8571429 0.9387755 0.8695652 0.8846154 0.7000000 0.8800000 0.7272727 0.9583333 0.9166667 0.9361702 0.8800000
 [31] 0.9777778 0.9600000 0.9130435 0.8181818 0.9166667 0.8000000 0.9767442 0.9600000 0.9565217 0.9090909 0.9583333 0.9166667 0.8846154 0.7000000 0.8979592
 [46] 0.7826087 0.9583333 0.9166667 0.8979592 0.7826087 0.9777778 0.9600000 0.8750000 0.7000000 0.9361702 0.8571429 1.0000000 1.0000000 0.9565217 0.9090909
 [61] 0.9387755 0.8695652 0.9019608 0.7619048 0.8979592 0.7826087 0.9361702 0.8800000 0.9361702 0.8800000 0.9545455 0.9230769 0.8936170 0.7619048 0.8979592
 [76] 0.7368421 0.9767442 0.9600000 0.9565217 0.9090909 0.9583333 0.9166667 0.8679245 0.6315789 0.8800000 0.7272727 0.9583333 0.9166667 0.9166667 0.8333333
 [91] 0.9565217 0.9166667 0.9361702 0.8571429 0.9166667 0.8000000 1.0000000 1.0000000 0.9565217 0.9090909 0.9387755 0.8695652 0.9019608 0.7619048 0.8979592
[106] 0.7826087 0.9361702 0.8800000 0.9361702 0.8800000 0.9777778 0.9600000 0.8936170 0.7619048 0.9361702 0.8571429 0.9767442 0.9600000 0.9565217 0.9090909
[121] 0.9387755 0.8695652 0.8846154 0.7000000 0.8979592 0.7826087 0.9583333 0.9166667 0.9361702 0.8800000 0.9565217 0.9166667 0.9130435 0.8181818 0.9166667
[136] 0.8000000 1.0000000 1.0000000 0.9361702 0.8571429 0.9583333 0.9166667 0.9019608 0.7619048 0.8979592 0.7826087 0.9583333 0.9166667 0.9361702 0.8800000
[151] 0.9777778 0.9600000 0.9130435 0.8181818 0.8979592 0.7368421 1.0000000 1.0000000 0.9565217 0.9090909 0.9387755 0.8695652 0.9200000 0.8181818 0.8979592
[166] 0.7826087 0.9583333 0.9166667 0.9361702 0.8800000 0.9777778 0.9600000 0.8936170 0.7619048 0.9166667 0.8000000 0.9767442 0.9600000 0.9565217 0.9090909
[181] 0.9787234 0.9600000 0.8846154 0.7000000 0.8979592 0.7826087 0.9361702 0.8800000 0.9166667 0.8333333 0.9777778 0.9600000 0.9130435 0.8181818 0.9166667
[196] 0.8000000 0.9767442 0.9600000 0.9361702 0.8571429

50 trees

  [1] 0.9787234 0.9600000 0.8679245 0.6315789 0.8979592 0.7826087 0.9361702 0.8800000 0.9166667 0.8333333 0.9777778 0.9600000 0.9130435 0.8181818 0.8979592
 [16] 0.7368421 0.9767442 0.9600000 0.9565217 0.9090909 0.9583333 0.9166667 0.8846154 0.7000000 0.8979592 0.7826087 0.9361702 0.8800000 0.9361702 0.8800000
 [31] 1.0000000 1.0000000 0.9130435 0.8181818 0.9166667 0.8000000 0.9767442 0.9600000 0.9565217 0.9090909 0.9583333 0.9166667 0.8846154 0.7000000 0.8979592
 [46] 0.7826087 0.9583333 0.9166667 0.9361702 0.8800000 0.9777778 0.9600000 0.8936170 0.7619048 0.9166667 0.8000000 0.9767442 0.9600000 0.9565217 0.9090909
 [61] 0.9583333 0.9166667 0.8846154 0.7000000 0.8800000 0.7272727 0.9583333 0.9166667 0.9565217 0.9230769 0.9777778 0.9600000 0.8695652 0.7272727 0.9361702
 [76] 0.8571429 0.9767442 0.9600000 0.9565217 0.9090909 0.9787234 0.9600000 0.8518519 0.5555556 0.8979592 0.7826087 0.9583333 0.9166667 0.9361702 0.8800000
 [91] 1.0000000 1.0000000 0.9130435 0.8181818 0.8979592 0.7368421 0.9767442 0.9600000 0.9361702 0.8571429 0.9583333 0.9166667 0.9019608 0.7619048 0.8979592
[106] 0.7826087 0.9583333 0.9166667 0.9361702 0.8800000 0.9777778 0.9600000 0.8936170 0.7619048 0.9361702 0.8571429 0.9767442 0.9600000 0.9565217 0.9090909
[121] 0.9387755 0.8695652 0.9019608 0.7619048 0.8979592 0.7826087 0.9583333 0.9166667 0.9361702 0.8800000 0.9565217 0.9166667 0.9130435 0.8181818 0.9166667
[136] 0.8000000 0.9767442 0.9600000 0.9565217 0.9090909 0.9583333 0.9166667 0.8846154 0.7000000 0.8979592 0.7826087 0.9583333 0.9166667 0.9166667 0.8333333
[151] 0.9565217 0.9166667 0.8936170 0.7619048 0.9166667 0.8000000 0.9767442 0.9600000 0.9565217 0.9090909 0.9583333 0.9166667 0.8518519 0.5555556 0.8979592
[166] 0.7826087 0.9583333 0.9166667 0.9361702 0.8800000 0.9565217 0.9166667 0.9130435 0.8181818 0.9166667 0.8000000 0.9767442 0.9600000 0.9565217 0.9090909
[181] 0.9583333 0.9166667 0.8518519 0.5555556 0.8979592 0.7826087 0.9361702 0.8800000 0.9361702 0.8800000 0.9777778 0.9600000 0.8936170 0.7619048 0.9166667
[196] 0.8000000 0.9767442 0.9600000 0.9565217 0.9090909

100 trees

  [1] 0.9583333 0.9166667 0.8846154 0.7000000 0.8979592 0.7826087 0.9583333 0.9166667 0.9361702 0.8800000 1.0000000 1.0000000 0.9130435 0.8181818 0.9166667
 [16] 0.8000000 0.9767442 0.9600000 0.9565217 0.9090909 0.9583333 0.9166667 0.8846154 0.7000000 0.8979592 0.7826087 0.9583333 0.9166667 0.9361702 0.8800000
 [31] 0.9777778 0.9600000 0.9130435 0.8181818 0.9361702 0.8571429 1.0000000 1.0000000 0.9565217 0.9090909 0.9583333 0.9166667 0.8846154 0.7000000 0.8979592
 [46] 0.7826087 0.9583333 0.9166667 0.9361702 0.8800000 0.9565217 0.9166667 0.8936170 0.7619048 0.8800000 0.6666667 1.0000000 1.0000000 0.9565217 0.9090909
 [61] 0.9387755 0.8695652 0.8679245 0.6315789 0.8979592 0.7826087 0.9583333 0.9166667 0.9166667 0.8333333 0.9565217 0.9166667 0.9130435 0.8181818 0.9166667
 [76] 0.8000000 0.9767442 0.9600000 0.9565217 0.9090909 0.9583333 0.9166667 0.8846154 0.7000000 0.8979592 0.7826087 0.9583333 0.9166667 0.9361702 0.8800000
 [91] 0.9777778 0.9600000 0.9130435 0.8181818 0.9166667 0.8000000 1.0000000 1.0000000 0.9565217 0.9090909 0.9583333 0.9166667 0.9019608 0.7619048 0.8979592
[106] 0.7826087 0.9583333 0.9166667 0.9361702 0.8800000 1.0000000 1.0000000 0.9130435 0.8181818 0.9166667 0.8000000 0.9523810 0.9230769 0.9565217 0.9090909
[121] 0.9583333 0.9166667 0.8846154 0.7000000 0.8979592 0.7826087 0.9583333 0.9166667 0.9361702 0.8800000 0.9777778 0.9600000 0.9130435 0.8181818 0.8979592
[136] 0.7368421 0.9767442 0.9600000 0.9565217 0.9090909 0.9583333 0.9166667 0.8846154 0.7000000 0.8979592 0.7826087 0.9583333 0.9166667 0.9166667 0.8333333
[151] 0.9777778 0.9600000 0.8936170 0.7619048 0.9361702 0.8571429 0.9767442 0.9600000 0.9565217 0.9090909 0.9583333 0.9166667 0.8679245 0.6315789 0.8979592
[166] 0.7826087 0.9583333 0.9166667 0.9361702 0.8800000 0.9777778 0.9600000 0.9130435 0.8181818 0.9166667 0.8000000 1.0000000 1.0000000 0.9565217 0.9090909
[181] 0.9583333 0.9166667 0.8679245 0.6315789 0.8979592 0.7826087 0.9583333 0.9166667 0.9361702 0.8800000 0.9777778 0.9600000 0.9130435 0.8181818 0.9565217
[196] 0.9090909 1.0000000 1.0000000 0.9565217 0.9090909

150 trees

  [1] 0.9583333 0.9166667 0.8846154 0.7000000 0.8979592 0.7826087 0.9583333 0.9166667 0.9361702 0.8800000 0.9777778 0.9600000 0.9130435 0.8181818 0.9166667
 [16] 0.8000000 1.0000000 1.0000000 0.9565217 0.9090909 0.9583333 0.9166667 0.8679245 0.6315789 0.8979592 0.7826087 0.9583333 0.9166667 0.9361702 0.8800000
 [31] 0.9777778 0.9600000 0.9130435 0.8181818 0.9361702 0.8571429 0.9767442 0.9600000 0.9565217 0.9090909 0.9583333 0.9166667 0.8846154 0.7000000 0.8979592
 [46] 0.7826087 0.9583333 0.9166667 0.9361702 0.8800000 0.9565217 0.9166667 0.9130435 0.8181818 0.9166667 0.8000000 0.9767442 0.9600000 0.9565217 0.9090909
 [61] 0.9583333 0.9166667 0.8679245 0.6315789 0.8979592 0.7826087 0.9583333 0.9166667 0.9361702 0.8800000 0.9777778 0.9600000 0.9130435 0.8181818 0.9166667
 [76] 0.8000000 0.9767442 0.9600000 0.9565217 0.9090909 0.9583333 0.9166667 0.9200000 0.8181818 0.8979592 0.7826087 0.9583333 0.9166667 0.9361702 0.8800000
 [91] 0.9777778 0.9600000 0.9130435 0.8181818 0.9166667 0.8000000 0.9767442 0.9600000 0.9565217 0.9090909 0.9583333 0.9166667 0.8679245 0.6315789 0.8979592
[106] 0.7826087 0.9583333 0.9166667 0.9361702 0.8800000 0.9777778 0.9600000 0.8936170 0.7619048 0.9166667 0.8000000 0.9767442 0.9600000 0.9565217 0.9090909
[121] 0.9583333 0.9166667 0.9019608 0.7619048 0.8979592 0.7826087 0.9583333 0.9166667 0.9361702 0.8800000 1.0000000 1.0000000 0.8936170 0.7619048 0.9166667
[136] 0.8000000 0.9767442 0.9600000 0.9565217 0.9090909 0.9583333 0.9166667 0.8679245 0.6315789 0.8979592 0.7826087 0.9583333 0.9166667 0.9361702 0.8800000
[151] 0.9777778 0.9600000 0.8936170 0.7619048 0.9166667 0.8000000 0.9767442 0.9600000 0.9565217 0.9090909 0.9583333 0.9166667 0.8679245 0.6315789 0.8979592
[166] 0.7826087 0.9361702 0.8800000 0.9361702 0.8800000 0.9777778 0.9600000 0.8936170 0.7619048 0.8979592 0.7368421 0.9767442 0.9600000 0.9565217 0.9090909
[181] 0.9583333 0.9166667 0.8846154 0.7000000 0.8979592 0.7826087 0.9583333 0.9166667 0.9361702 0.8800000 0.9777778 0.9600000 0.9130435 0.8181818 0.9166667
[196] 0.8000000 0.9767442 0.9600000 0.9565217 0.9090909


wine

10 trees

  [1] 1.0000000 0.9333333 0.9090909 1.0000000 0.9230769 0.9090909 0.9230769 0.9230769 1.0000000 0.9090909 0.9333333 1.0000000 0.9230769 0.8333333 0.9090909
 [16] 1.0000000 1.0000000 1.0000000 1.0000000 1.0000000 1.0000000 0.9230769 0.9230769 1.0000000 1.0000000 1.0000000 1.0000000 1.0000000 0.9230769 0.8888889
 [31] 1.0000000 0.9411765 0.8888889 1.0000000 0.9230769 0.9090909 0.9230769 0.8333333 0.9090909 1.0000000 1.0000000 1.0000000 0.9230769 0.8333333 0.9090909
 [46] 1.0000000 1.0000000 1.0000000 1.0000000 1.0000000 1.0000000 0.9230769 0.9230769 1.0000000 1.0000000 1.0000000 1.0000000 0.9090909 0.8333333 0.8888889
 [61] 1.0000000 1.0000000 1.0000000 1.0000000 1.0000000 1.0000000 0.9230769 0.9230769 1.0000000 1.0000000 1.0000000 1.0000000 0.9230769 0.9230769 1.0000000
 [76] 0.8333333 0.8571429 1.0000000 1.0000000 1.0000000 1.0000000 0.9230769 0.9230769 1.0000000 1.0000000 1.0000000 1.0000000 1.0000000 1.0000000 1.0000000
 [91] 1.0000000 1.0000000 1.0000000 1.0000000 1.0000000 1.0000000 0.9230769 0.8333333 0.9090909 1.0000000 1.0000000 1.0000000 0.9230769 0.9230769 1.0000000
[106] 1.0000000 1.0000000 1.0000000 1.0000000 1.0000000 1.0000000 0.9230769 0.9230769 1.0000000 1.0000000 1.0000000 1.0000000 1.0000000 1.0000000 1.0000000
[121] 1.0000000 1.0000000 1.0000000 1.0000000 1.0000000 1.0000000 0.9230769 0.9230769 1.0000000 0.9090909 0.9333333 1.0000000 0.9230769 0.8333333 0.9090909
[136] 1.0000000 1.0000000 1.0000000 1.0000000 1.0000000 1.0000000 0.9230769 0.9230769 1.0000000 1.0000000 1.0000000 1.0000000 1.0000000 1.0000000 1.0000000
[151] 1.0000000 0.9411765 0.8888889 0.8000000 0.8750000 1.0000000 0.9230769 0.9230769 1.0000000 1.0000000 1.0000000 1.0000000 0.9230769 0.8333333 0.9090909
[166] 1.0000000 1.0000000 1.0000000 0.9230769 0.9230769 1.0000000 0.9230769 0.9230769 1.0000000 1.0000000 1.0000000 1.0000000 1.0000000 0.9230769 0.8888889
[181] 1.0000000 0.9411765 0.8888889 1.0000000 1.0000000 1.0000000 0.9230769 0.8333333 0.9090909 1.0000000 1.0000000 1.0000000 0.9230769 0.8333333 0.9090909
[196] 0.9090909 0.9333333 1.0000000 1.0000000 1.0000000 1.0000000 0.9230769 0.9230769 1.0000000 1.0000000 1.0000000 1.0000000 0.9090909 0.9230769 1.0000000
[211] 1.0000000 1.0000000 1.0000000 1.0000000 1.0000000 1.0000000 0.8571429 0.8333333 1.0000000 0.9230769 0.9230769 1.0000000 0.9230769 0.7692308 0.8000000
[226] 1.0000000 1.0000000 1.0000000 0.9230769 0.9230769 1.0000000 0.9230769 0.9230769 1.0000000 1.0000000 1.0000000 1.0000000 1.0000000 1.0000000 1.0000000
[241] 1.0000000 0.9411765 0.8888889 1.0000000 1.0000000 1.0000000 1.0000000 1.0000000 1.0000000 1.0000000 1.0000000 1.0000000 0.9230769 0.9230769 1.0000000
[256] 1.0000000 1.0000000 1.0000000 1.0000000 1.0000000 1.0000000 0.9090909 0.9333333 1.0000000 1.0000000 1.0000000 1.0000000 1.0000000 0.9230769 0.8888889
[271] 1.0000000 1.0000000 1.0000000 1.0000000 0.9230769 0.9090909 0.8000000 0.7272727 1.0000000 0.8000000 0.8235294 0.8888889 0.8333333 0.7692308 0.9090909
[286] 1.0000000 1.0000000 1.0000000 1.0000000 1.0000000 1.0000000 0.9230769 0.9230769 1.0000000 1.0000000 1.0000000 1.0000000 1.0000000 0.9230769 0.8888889

25 trees

  [1] 1.0000000 1.0000000 1.0000000 1.0000000 1.0000000 1.0000000 1.0000000 1.0000000 1.0000000 1.0000000 1.0000000 1.0000000 0.9230769 0.8333333 0.9090909
 [16] 1.0000000 1.0000000 1.0000000 1.0000000 1.0000000 1.0000000 0.9230769 0.9230769 1.0000000 1.0000000 1.0000000 1.0000000 1.0000000 0.9230769 0.8888889
 [31] 0.9230769 0.9333333 1.0000000 1.0000000 1.0000000 1.0000000 0.9230769 0.9230769 1.0000000 1.0000000 1.0000000 1.0000000 0.9230769 0.8333333 0.9090909
 [46] 1.0000000 1.0000000 1.0000000 1.0000000 1.0000000 1.0000000 0.9230769 0.9230769 1.0000000 1.0000000 1.0000000 1.0000000 1.0000000 0.9230769 0.8888889
 [61] 1.0000000 1.0000000 1.0000000 1.0000000 1.0000000 1.0000000 1.0000000 1.0000000 1.0000000 1.0000000 1.0000000 1.0000000 0.9230769 0.8333333 0.9090909
 [76] 1.0000000 1.0000000 1.0000000 1.0000000 1.0000000 1.0000000 0.9230769 0.9230769 1.0000000 1.0000000 1.0000000 1.0000000 1.0000000 1.0000000 1.0000000
 [91] 1.0000000 1.0000000 1.0000000 1.0000000 1.0000000 1.0000000 0.9230769 0.9230769 1.0000000 1.0000000 1.0000000 1.0000000 0.9230769 0.8333333 0.9090909
[106] 0.9090909 0.9333333 1.0000000 0.9230769 0.9230769 1.0000000 0.9230769 0.9230769 1.0000000 1.0000000 1.0000000 1.0000000 1.0000000 0.9230769 0.8888889
[121] 1.0000000 1.0000000 1.0000000 1.0000000 1.0000000 1.0000000 1.0000000 1.0000000 1.0000000 1.0000000 1.0000000 1.0000000 0.9230769 0.8333333 0.9090909
[136] 1.0000000 1.0000000 1.0000000 1.0000000 1.0000000 1.0000000 0.9230769 0.9230769 1.0000000 1.0000000 1.0000000 1.0000000 1.0000000 0.9230769 0.8888889
[151] 1.0000000 1.0000000 1.0000000 1.0000000 1.0000000 1.0000000 1.0000000 0.9230769 0.9090909 1.0000000 1.0000000 1.0000000 0.9230769 0.8333333 0.9090909
[166] 0.9230769 0.9230769 1.0000000 1.0000000 1.0000000 1.0000000 0.9230769 0.9230769 1.0000000 1.0000000 1.0000000 1.0000000 1.0000000 0.9230769 0.8888889
[181] 1.0000000 1.0000000 1.0000000 1.0000000 1.0000000 1.0000000 0.9230769 0.9230769 1.0000000 1.0000000 1.0000000 1.0000000 0.9230769 0.8333333 0.9090909
[196] 1.0000000 1.0000000 1.0000000 1.0000000 1.0000000 1.0000000 0.9230769 0.9230769 1.0000000 1.0000000 1.0000000 1.0000000 1.0000000 0.9230769 0.8888889
[211] 1.0000000 1.0000000 1.0000000 1.0000000 1.0000000 1.0000000 0.8571429 0.8333333 1.0000000 1.0000000 1.0000000 1.0000000 0.9230769 0.9230769 1.0000000
[226] 1.0000000 1.0000000 1.0000000 0.9230769 0.9230769 1.0000000 0.9230769 0.9230769 1.0000000 1.0000000 1.0000000 1.0000000 1.0000000 1.0000000 1.0000000
[241] 1.0000000 1.0000000 1.0000000 1.0000000 0.9230769 0.9090909 0.9230769 0.8333333 0.9090909 1.0000000 1.0000000 1.0000000 0.9230769 0.8333333 0.9090909
[256] 1.0000000 1.0000000 1.0000000 1.0000000 1.0000000 1.0000000 0.9230769 0.9230769 1.0000000 1.0000000 1.0000000 1.0000000 1.0000000 0.9230769 0.8888889
[271] 1.0000000 0.9411765 0.8888889 1.0000000 1.0000000 1.0000000 1.0000000 1.0000000 1.0000000 1.0000000 1.0000000 1.0000000 0.9230769 0.9230769 1.0000000
[286] 1.0000000 1.0000000 1.0000000 1.0000000 1.0000000 1.0000000 0.9230769 0.9230769 1.0000000 1.0000000 1.0000000 1.0000000 1.0000000 0.9230769 0.8888889

50 trees

  [1] 1.0000000 1.0000000 1.0000000 1.0000000 1.0000000 1.0000000 0.9230769 0.9230769 1.0000000 1.0000000 1.0000000 1.0000000 0.9230769 0.8333333 0.9090909
 [16] 1.0000000 1.0000000 1.0000000 1.0000000 1.0000000 1.0000000 0.9230769 0.9230769 1.0000000 1.0000000 1.0000000 1.0000000 1.0000000 0.9230769 0.8888889
 [31] 1.0000000 1.0000000 1.0000000 1.0000000 1.0000000 1.0000000 1.0000000 1.0000000 1.0000000 1.0000000 1.0000000 1.0000000 0.9230769 0.8333333 0.9090909
 [46] 1.0000000 1.0000000 1.0000000 0.9230769 0.9230769 1.0000000 0.9230769 0.9230769 1.0000000 1.0000000 1.0000000 1.0000000 1.0000000 0.9230769 0.8888889
 [61] 1.0000000 1.0000000 1.0000000 1.0000000 1.0000000 1.0000000 1.0000000 1.0000000 1.0000000 1.0000000 1.0000000 1.0000000 0.9230769 0.8333333 0.9090909
 [76] 1.0000000 1.0000000 1.0000000 1.0000000 1.0000000 1.0000000 0.9230769 0.9230769 1.0000000 1.0000000 1.0000000 1.0000000 1.0000000 0.9230769 0.8888889
 [91] 1.0000000 1.0000000 1.0000000 1.0000000 1.0000000 1.0000000 1.0000000 1.0000000 1.0000000 1.0000000 1.0000000 1.0000000 0.9230769 0.8333333 0.9090909
[106] 1.0000000 1.0000000 1.0000000 1.0000000 1.0000000 1.0000000 0.9230769 0.9230769 1.0000000 1.0000000 1.0000000 1.0000000 1.0000000 1.0000000 1.0000000
[121] 1.0000000 1.0000000 1.0000000 1.0000000 1.0000000 1.0000000 1.0000000 1.0000000 1.0000000 1.0000000 1.0000000 1.0000000 0.9230769 0.8333333 0.9090909
[136] 1.0000000 1.0000000 1.0000000 1.0000000 1.0000000 1.0000000 0.9230769 0.9230769 1.0000000 1.0000000 1.0000000 1.0000000 1.0000000 1.0000000 1.0000000
[151] 1.0000000 1.0000000 1.0000000 1.0000000 1.0000000 1.0000000 0.9230769 0.9230769 1.0000000 1.0000000 1.0000000 1.0000000 0.9230769 0.8333333 0.9090909
[166] 1.0000000 1.0000000 1.0000000 1.0000000 1.0000000 1.0000000 0.9230769 0.9230769 1.0000000 1.0000000 1.0000000 1.0000000 1.0000000 0.9230769 0.8888889
[181] 1.0000000 1.0000000 1.0000000 1.0000000 1.0000000 1.0000000 0.9230769 0.9230769 1.0000000 1.0000000 1.0000000 1.0000000 0.9230769 0.8333333 0.9090909
[196] 1.0000000 1.0000000 1.0000000 1.0000000 1.0000000 1.0000000 1.0000000 1.0000000 1.0000000 1.0000000 1.0000000 1.0000000 1.0000000 0.9230769 0.8888889
[211] 1.0000000 1.0000000 1.0000000 1.0000000 1.0000000 1.0000000 0.9230769 0.9230769 1.0000000 1.0000000 1.0000000 1.0000000 0.9230769 0.8333333 0.9090909
[226] 1.0000000 1.0000000 1.0000000 1.0000000 1.0000000 1.0000000 0.9230769 0.9230769 1.0000000 1.0000000 1.0000000 1.0000000 1.0000000 0.9230769 0.8888889
[241] 1.0000000 1.0000000 1.0000000 1.0000000 1.0000000 1.0000000 0.9230769 0.9230769 1.0000000 1.0000000 1.0000000 1.0000000 0.9230769 0.8333333 0.9090909
[256] 1.0000000 1.0000000 1.0000000 1.0000000 1.0000000 1.0000000 0.9230769 0.9230769 1.0000000 1.0000000 1.0000000 1.0000000 0.9090909 0.8333333 0.8888889
[271] 1.0000000 1.0000000 1.0000000 1.0000000 1.0000000 1.0000000 1.0000000 1.0000000 1.0000000 1.0000000 1.0000000 1.0000000 0.9230769 0.8333333 0.9090909
[286] 1.0000000 1.0000000 1.0000000 1.0000000 1.0000000 1.0000000 1.0000000 1.0000000 1.0000000 1.0000000 1.0000000 1.0000000 1.0000000 0.9230769 0.8888889

100 trees

  [1] 1.0000000 1.0000000 1.0000000 1.0000000 1.0000000 1.0000000 1.0000000 0.9230769 0.9090909 1.0000000 1.0000000 1.0000000 0.9230769 0.8333333 0.9090909
 [16] 1.0000000 1.0000000 1.0000000 1.0000000 1.0000000 1.0000000 0.9230769 0.9230769 1.0000000 1.0000000 1.0000000 1.0000000 1.0000000 0.9230769 0.8888889
 [31] 1.0000000 1.0000000 1.0000000 1.0000000 1.0000000 1.0000000 1.0000000 0.9230769 0.9090909 1.0000000 1.0000000 1.0000000 0.9230769 0.8333333 0.9090909
 [46] 1.0000000 1.0000000 1.0000000 1.0000000 1.0000000 1.0000000 1.0000000 1.0000000 1.0000000 1.0000000 1.0000000 1.0000000 1.0000000 1.0000000 1.0000000
 [61] 1.0000000 1.0000000 1.0000000 1.0000000 1.0000000 1.0000000 0.9230769 0.8333333 0.9090909 1.0000000 1.0000000 1.0000000 0.9230769 0.8333333 0.9090909
 [76] 1.0000000 1.0000000 1.0000000 1.0000000 1.0000000 1.0000000 0.9230769 0.9230769 1.0000000 1.0000000 1.0000000 1.0000000 1.0000000 1.0000000 1.0000000
 [91] 1.0000000 1.0000000 1.0000000 1.0000000 1.0000000 1.0000000 0.9230769 0.9230769 1.0000000 1.0000000 1.0000000 1.0000000 0.9230769 0.8333333 0.9090909
[106] 1.0000000 1.0000000 1.0000000 0.9230769 0.9230769 1.0000000 0.9230769 0.9230769 1.0000000 1.0000000 1.0000000 1.0000000 1.0000000 1.0000000 1.0000000
[121] 1.0000000 1.0000000 1.0000000 1.0000000 1.0000000 1.0000000 1.0000000 0.9230769 0.9090909 1.0000000 1.0000000 1.0000000 0.9230769 0.8333333 0.9090909
[136] 1.0000000 1.0000000 1.0000000 0.9230769 0.9230769 1.0000000 0.9230769 0.9230769 1.0000000 1.0000000 1.0000000 1.0000000 1.0000000 0.9230769 0.8888889
[151] 1.0000000 1.0000000 1.0000000 1.0000000 1.0000000 1.0000000 0.9230769 0.9230769 1.0000000 1.0000000 1.0000000 1.0000000 0.9230769 0.8333333 0.9090909
[166] 1.0000000 1.0000000 1.0000000 1.0000000 1.0000000 1.0000000 1.0000000 1.0000000 1.0000000 1.0000000 1.0000000 1.0000000 1.0000000 0.9230769 0.8888889
[181] 1.0000000 1.0000000 1.0000000 1.0000000 0.9230769 0.9090909 1.0000000 1.0000000 1.0000000 1.0000000 1.0000000 1.0000000 0.9230769 0.8333333 0.9090909
[196] 1.0000000 1.0000000 1.0000000 1.0000000 1.0000000 1.0000000 0.9230769 0.9230769 1.0000000 1.0000000 1.0000000 1.0000000 1.0000000 0.9230769 0.8888889
[211] 1.0000000 1.0000000 1.0000000 1.0000000 1.0000000 1.0000000 1.0000000 1.0000000 1.0000000 1.0000000 1.0000000 1.0000000 0.9230769 0.8333333 0.9090909
[226] 1.0000000 1.0000000 1.0000000 0.9230769 0.9230769 1.0000000 0.9230769 0.9230769 1.0000000 1.0000000 1.0000000 1.0000000 1.0000000 0.9230769 0.8888889
[241] 1.0000000 1.0000000 1.0000000 1.0000000 1.0000000 1.0000000 1.0000000 1.0000000 1.0000000 1.0000000 1.0000000 1.0000000 0.9230769 0.8333333 0.9090909
[256] 1.0000000 1.0000000 1.0000000 1.0000000 1.0000000 1.0000000 0.9230769 0.9230769 1.0000000 1.0000000 1.0000000 1.0000000 1.0000000 0.9230769 0.8888889
[271] 1.0000000 1.0000000 1.0000000 1.0000000 1.0000000 1.0000000 1.0000000 1.0000000 1.0000000 1.0000000 1.0000000 1.0000000 0.9230769 0.8333333 0.9090909
[286] 1.0000000 1.0000000 1.0000000 1.0000000 1.0000000 1.0000000 0.9230769 0.9230769 1.0000000 1.0000000 1.0000000 1.0000000 1.0000000 0.9230769 0.8888889

125

  [1] 1.0000000 1.0000000 1.0000000 1.0000000 1.0000000 1.0000000 1.0000000 1.0000000 1.0000000 1.0000000 1.0000000 1.0000000 0.9230769 0.8333333 0.9090909
 [16] 1.0000000 1.0000000 1.0000000 1.0000000 1.0000000 1.0000000 0.9230769 0.9230769 1.0000000 1.0000000 1.0000000 1.0000000 1.0000000 0.9230769 0.8888889
 [31] 1.0000000 1.0000000 1.0000000 1.0000000 1.0000000 1.0000000 1.0000000 1.0000000 1.0000000 1.0000000 1.0000000 1.0000000 0.9230769 0.8333333 0.9090909
 [46] 1.0000000 1.0000000 1.0000000 1.0000000 1.0000000 1.0000000 0.9230769 0.9230769 1.0000000 1.0000000 1.0000000 1.0000000 1.0000000 1.0000000 1.0000000
 [61] 1.0000000 1.0000000 1.0000000 1.0000000 1.0000000 1.0000000 1.0000000 0.9230769 0.9090909 1.0000000 1.0000000 1.0000000 0.9230769 0.8333333 0.9090909
 [76] 1.0000000 1.0000000 1.0000000 1.0000000 1.0000000 1.0000000 0.9230769 0.9230769 1.0000000 1.0000000 1.0000000 1.0000000 1.0000000 0.9230769 0.8888889
 [91] 1.0000000 1.0000000 1.0000000 1.0000000 1.0000000 1.0000000 1.0000000 0.9230769 0.9090909 1.0000000 1.0000000 1.0000000 0.9230769 0.8333333 0.9090909
[106] 1.0000000 1.0000000 1.0000000 1.0000000 1.0000000 1.0000000 0.9230769 0.9230769 1.0000000 1.0000000 1.0000000 1.0000000 1.0000000 0.9230769 0.8888889
[121] 1.0000000 1.0000000 1.0000000 1.0000000 1.0000000 1.0000000 1.0000000 1.0000000 1.0000000 1.0000000 1.0000000 1.0000000 0.9230769 0.8333333 0.9090909
[136] 1.0000000 1.0000000 1.0000000 1.0000000 1.0000000 1.0000000 0.9230769 0.9230769 1.0000000 1.0000000 1.0000000 1.0000000 1.0000000 0.9230769 0.8888889
[151] 1.0000000 1.0000000 1.0000000 1.0000000 1.0000000 1.0000000 1.0000000 1.0000000 1.0000000 1.0000000 1.0000000 1.0000000 0.9230769 0.8333333 0.9090909
[166] 1.0000000 1.0000000 1.0000000 1.0000000 1.0000000 1.0000000 0.9230769 0.9230769 1.0000000 1.0000000 1.0000000 1.0000000 1.0000000 0.9230769 0.8888889
[181] 1.0000000 1.0000000 1.0000000 1.0000000 1.0000000 1.0000000 1.0000000 1.0000000 1.0000000 1.0000000 1.0000000 1.0000000 0.9230769 0.8333333 0.9090909
[196] 1.0000000 1.0000000 1.0000000 1.0000000 1.0000000 1.0000000 0.9230769 0.9230769 1.0000000 1.0000000 1.0000000 1.0000000 1.0000000 0.9230769 0.8888889
[211] 1.0000000 1.0000000 1.0000000 1.0000000 1.0000000 1.0000000 1.0000000 1.0000000 1.0000000 1.0000000 1.0000000 1.0000000 0.9230769 0.8333333 0.9090909
[226] 1.0000000 1.0000000 1.0000000 1.0000000 1.0000000 1.0000000 1.0000000 1.0000000 1.0000000 1.0000000 1.0000000 1.0000000 1.0000000 1.0000000 1.0000000
[241] 1.0000000 1.0000000 1.0000000 1.0000000 1.0000000 1.0000000 1.0000000 1.0000000 1.0000000 1.0000000 1.0000000 1.0000000 0.9230769 0.8333333 0.9090909
[256] 1.0000000 1.0000000 1.0000000 1.0000000 1.0000000 1.0000000 0.9230769 0.9230769 1.0000000 1.0000000 1.0000000 1.0000000 1.0000000 0.9230769 0.8888889
[271] 1.0000000 1.0000000 1.0000000 1.0000000 1.0000000 1.0000000 1.0000000 0.9230769 0.9090909 1.0000000 1.0000000 1.0000000 0.9230769 0.8333333 0.9090909
[286] 1.0000000 1.0000000 1.0000000 1.0000000 1.0000000 1.0000000 0.9230769 0.9230769 1.0000000 1.0000000 1.0000000 1.0000000 1.0000000 0.9230769 0.8888889

150

  [1] 1.0000000 1.0000000 1.0000000 1.0000000 1.0000000 1.0000000 1.0000000 1.0000000 1.0000000 1.0000000 1.0000000 1.0000000 0.9230769 0.8333333 0.9090909
 [16] 1.0000000 1.0000000 1.0000000 1.0000000 1.0000000 1.0000000 0.9230769 0.9230769 1.0000000 1.0000000 1.0000000 1.0000000 1.0000000 1.0000000 1.0000000
 [31] 1.0000000 1.0000000 1.0000000 1.0000000 1.0000000 1.0000000 1.0000000 1.0000000 1.0000000 1.0000000 1.0000000 1.0000000 0.9230769 0.8333333 0.9090909
 [46] 1.0000000 1.0000000 1.0000000 1.0000000 1.0000000 1.0000000 0.9230769 0.9230769 1.0000000 1.0000000 1.0000000 1.0000000 1.0000000 0.9230769 0.8888889
 [61] 1.0000000 1.0000000 1.0000000 1.0000000 1.0000000 1.0000000 1.0000000 1.0000000 1.0000000 1.0000000 1.0000000 1.0000000 0.9230769 0.8333333 0.9090909
 [76] 1.0000000 1.0000000 1.0000000 1.0000000 1.0000000 1.0000000 0.9230769 0.9230769 1.0000000 1.0000000 1.0000000 1.0000000 1.0000000 0.9230769 0.8888889
 [91] 1.0000000 1.0000000 1.0000000 1.0000000 1.0000000 1.0000000 1.0000000 1.0000000 1.0000000 1.0000000 1.0000000 1.0000000 0.9230769 0.8333333 0.9090909
[106] 1.0000000 1.0000000 1.0000000 1.0000000 1.0000000 1.0000000 0.9230769 0.9230769 1.0000000 1.0000000 1.0000000 1.0000000 1.0000000 0.9230769 0.8888889
[121] 1.0000000 1.0000000 1.0000000 1.0000000 1.0000000 1.0000000 1.0000000 0.9230769 0.9090909 1.0000000 1.0000000 1.0000000 0.9230769 0.8333333 0.9090909
[136] 1.0000000 1.0000000 1.0000000 1.0000000 1.0000000 1.0000000 0.9230769 0.9230769 1.0000000 1.0000000 1.0000000 1.0000000 1.0000000 0.9230769 0.8888889
[151] 1.0000000 1.0000000 1.0000000 1.0000000 1.0000000 1.0000000 1.0000000 0.9230769 0.9090909 1.0000000 1.0000000 1.0000000 0.9230769 0.8333333 0.9090909
[166] 1.0000000 1.0000000 1.0000000 1.0000000 1.0000000 1.0000000 0.9230769 0.9230769 1.0000000 1.0000000 1.0000000 1.0000000 1.0000000 0.9230769 0.8888889
[181] 1.0000000 1.0000000 1.0000000 1.0000000 1.0000000 1.0000000 1.0000000 1.0000000 1.0000000 1.0000000 1.0000000 1.0000000 0.9230769 0.8333333 0.9090909
[196] 1.0000000 1.0000000 1.0000000 1.0000000 1.0000000 1.0000000 0.9230769 0.9230769 1.0000000 1.0000000 1.0000000 1.0000000 1.0000000 0.9230769 0.8888889
[211] 1.0000000 1.0000000 1.0000000 1.0000000 1.0000000 1.0000000 1.0000000 0.9230769 0.9090909 1.0000000 1.0000000 1.0000000 0.9230769 0.8333333 0.9090909
[226] 1.0000000 1.0000000 1.0000000 1.0000000 1.0000000 1.0000000 0.9230769 0.9230769 1.0000000 1.0000000 1.0000000 1.0000000 1.0000000 0.9230769 0.8888889
[241] 1.0000000 1.0000000 1.0000000 1.0000000 1.0000000 1.0000000 0.9230769 0.8333333 0.9090909 1.0000000 1.0000000 1.0000000 0.9230769 0.8333333 0.9090909
[256] 1.0000000 1.0000000 1.0000000 1.0000000 1.0000000 1.0000000 0.9230769 0.9230769 1.0000000 1.0000000 1.0000000 1.0000000 1.0000000 0.9230769 0.8888889
[271] 1.0000000 1.0000000 1.0000000 1.0000000 1.0000000 1.0000000 1.0000000 1.0000000 1.0000000 1.0000000 1.0000000 1.0000000 0.9230769 0.8333333 0.9090909
[286] 1.0000000 1.0000000 1.0000000 1.0000000 1.0000000 1.0000000 0.9230769 0.9230769 1.0000000 1.0000000 1.0000000 1.0000000 1.0000000 0.9230769 0.8888889

